*=============================================================================*
*            Burgdatei        12.4.87  Eckhard Kruse                          *
*=============================================================================*
   * Burg 0 *
130         * Ausdehnung *
10,31,70,36,-1,-1,-1,-1,-1,-1,-1,-1,-1,-1,-1,-1,-1,-1,-1,-1  * Kanonen *
40,1        * Trohn  *
18,70       * Fahne  *
9,1         * Geld   *
80,3        * Pulver *
103,25      * Kugeln *
21,20, 27,18, 24,18  * W,H  GPK *
400,180,12,200   * ge,pu,ku,vo *
0,0,0,0 * res. *
0,0,0,30,5,55,30,55,10,45,10,30,30,30,75,65,80,60,70,50,70,35,90,35,100,45,
100,60,130,60,130,0,-9, -2,2,11, 5,55,18,70,30,55,-9, 100,60,115,70,130,60,-9,
-1
   * Burg 1 *
150
10,11,10,51,50,51,80,46,130,46,-1,-1,-1,-1,-1,-1,-1,-1,-1,-1
45,1
135,100
80,1,  52,30, 126,1
35,20, 63,9,  18,36
500,180,12,270
0,0,0,0
0,0,0,70,30,70,10,65,10,50,30,50,10,30,10,10,30,10,50,50,70,50,80,45,120,45,
120,70,150,70,130,60,130,45,150,45,150,0,-9, -2,2,11, 0,70,15,100,30,70,-9,
120,70,135,100,150,70,-9, -1

   * Burg 2 *
130
 0,70,20,70,50,40,50,16,110,40,-1,-1,-1,-1,-1,-1,-1,-1,-1,-1
10,1
95,60
11,30, 50,1, 80,15
28,30, 72,9, 42,18
500,150,14,270
0,0,0,0
0,0,0,70,40,70,50,50,50,40,70,40,50,30,50,15,70,15,80,40,130,40,130,0,-9,
-2,2,11, 80,40,95,60,110,40,-9, -1
   * Burg 3 *
170
10,36,70,40,90,40,75,80,150,21,150,56,-1,-1,-1,-1,-1,-1,-1,-1
60,1
15,80
15,5, 100,1, 100,20
35,20, 63,9, 36,18
500,190,12,300
0,0,0,0
0,0,0,60,30,60,10,50,10,35,30,35,75,80,95,80,70,55,70,40,110,40,120,70,150,70,
150,55,170,55,150,35,150,20,170,20,170,0,-9, -2,2,11, 0,60,15,80,30,60,-9,
120,70,140,90,160,70,-9, -1
   * Burg 4 *
115
10,36,55,31,90,51,-1,-1,-1,-1,-1,-1,-1,-1,-1,-1,-1,-1,-1,-1
10,1
27,67
50,1, 85,1, 102,1
28,10, 9,36, 6,36
500,120,6,220
0,0,0,0
0,0,0,55,27,67,30,60,10,50,10,35,30,35,55,60,70,60,55,45,55,30,75,30,85,50,
115,50,115,0,-9, -1
   * Burg 5 *
140
10,60,30,60,90,40,110,40,-1,-1,-1,-1,-1,-1,-1,-1,-1,-1,-1,-1
90,1
90,85
10,1, 50,1, 15,38
28,20, 27,18, 30,12
500,120,10,240
0,0,0,0
0,0,10,60,50,60,55,30,70,30,70,70,110,70,90,55,90,40,130,40,140,0,-9,
-2,2,11, 70,70,90,85,110,70,-9, -1

-999 * Ende *
